# Rows served from Firebase (site/fixed/) because the git push is blocked.
# Do NOT remove a row until its mp4 bytes MATCH github raw -- see
# media-production/SHIPPING-TO-THE-BOARD.md. Deploy with
# FIREBASE_HOSTING_UPLOAD_CONCURRENCY=4; the default 200 kills the upload.
11
12
15
16
17
18
19
20
21
22
23
24
25
26
27
28
29
30
31
32
33
34
35
36
37
38
39
40
41
42
43
44
45
46
47
48
49
50
51
52
53
54
55
56
57
58
59
60
61
62
63
64
65
66
67
68
69
70
71
72
73
74
75
76
77
78
79
80
81
82
83
84
85
86
87
88
89
90
91
92
93
94
95
96
97
98
100
103
105
106
107
108
110
111
112
121
122
123
124
125
126
127
137
155
159
162
167
168
169
173
174
175
176
177
178
180
181
182
183
185
187
188
189
190
191
192
193
194
195
196
197
198
199
200
6
4
119
132
133
134
149
150
151
166
179
13
184
99
3
160
10
135
